pitch_class_transition_matrix:
------------------------

bi2lstm32_attention
  mean: [[8.54 0.01 4.92 0.02 1.57 0.23 0.03 0.81 0.01 2.01 0.04 1.14]
 [0.01 0.02 0.02 0.04 0.   0.   0.   0.   0.   0.03 0.   0.02]
 [4.75 0.02 3.62 0.01 2.61 0.49 0.01 0.28 0.01 0.75 0.01 0.32]
 [0.02 0.01 0.03 0.02 0.02 0.04 0.   0.03 0.   0.   0.01 0.01]
 [1.57 0.03 2.35 0.03 3.15 1.5  0.06 1.12 0.06 0.49 0.   0.13]
 [0.45 0.01 0.69 0.03 0.95 1.32 0.03 1.34 0.04 0.36 0.01 0.06]
 [0.02 0.   0.03 0.   0.06 0.02 0.   0.02 0.02 0.02 0.   0.01]
 [0.86 0.   0.57 0.02 1.07 1.26 0.03 3.97 0.09 1.4  0.04 0.17]
 [0.04 0.01 0.03 0.   0.06 0.03 0.   0.07 0.14 0.06 0.   0.05]
 [1.9  0.02 0.54 0.02 0.69 0.31 0.01 1.5  0.05 2.66 0.06 0.99]
 [0.06 0.   0.   0.   0.   0.02 0.   0.04 0.01 0.05 0.   0.03]
 [1.21 0.01 0.23 0.   0.17 0.02 0.02 0.33 0.06 0.79 0.03 1.45]]
  std: [[8.75147987 0.09949874 4.03653317 0.14       1.32102233 0.44395946
  0.2215852  1.41205524 0.09949874 1.97228294 0.24166092 1.52983659]
 [0.09949874 0.19899749 0.14       0.24166092 0.         0.
  0.         0.         0.         0.17058722 0.         0.19899749]
 [3.93541612 0.14       3.06848497 0.09949874 1.88623965 0.76804948
  0.09949874 0.51146847 0.09949874 0.86458082 0.09949874 0.54552727]
 [0.14       0.09949874 0.17058722 0.14       0.14       0.19595918
  0.         0.17058722 0.         0.         0.09949874 0.09949874]
 [1.51825558 0.17058722 2.07062792 0.17058722 3.545067   1.46628783
  0.2764055  1.79599555 0.23748684 0.75491721 0.         0.43943145]
 [0.57227616 0.09949874 1.06484741 0.17058722 1.14345966 2.65661439
  0.17058722 3.11839702 0.24166092 0.94361009 0.09949874 0.2764055 ]
 [0.14       0.         0.17058722 0.         0.23748684 0.14
  0.         0.19899749 0.14       0.14       0.         0.09949874]
 [1.24915972 0.         0.88605869 0.19899749 1.59533696 3.21129257
  0.17058722 7.24217509 0.28618176 1.75499288 0.19595918 0.47021272]
 [0.19595918 0.09949874 0.2215852  0.         0.23748684 0.2215852
  0.         0.25514702 0.84876381 0.23748684 0.         0.25980762]
 [1.94164878 0.14       0.59025418 0.14       1.33187837 0.61147363
  0.09949874 1.86815417 0.21794495 3.22248351 0.23748684 1.54593014]
 [0.2764055  0.         0.         0.         0.         0.14
  0.         0.19595918 0.09949874 0.21794495 0.         0.17058722]
 [1.58300347 0.09949874 0.52640289 0.         0.49101935 0.14
  0.14       0.735595   0.2764055  1.46488907 0.17058722 8.30587142]]

hook
  mean: [[2.33 0.01 2.07 0.03 0.99 0.29 0.01 0.68 0.06 1.13 0.07 1.1 ]
 [0.   0.01 0.01 0.   0.04 0.   0.01 0.   0.02 0.01 0.   0.  ]
 [2.21 0.   1.86 0.06 1.69 0.35 0.01 0.36 0.03 0.25 0.03 0.19]
 [0.01 0.   0.06 0.06 0.04 0.01 0.01 0.03 0.   0.   0.02 0.02]
 [1.31 0.02 1.98 0.   2.69 0.81 0.09 1.21 0.07 0.53 0.01 0.39]
 [0.31 0.   0.15 0.04 1.05 0.7  0.   0.58 0.03 0.14 0.02 0.01]
 [0.02 0.01 0.06 0.   0.06 0.   0.06 0.12 0.03 0.03 0.   0.01]
 [0.78 0.   0.41 0.04 1.43 0.52 0.19 2.12 0.07 0.9  0.02 0.27]
 [0.07 0.01 0.01 0.01 0.01 0.04 0.   0.11 0.02 0.14 0.03 0.01]
 [0.95 0.01 0.29 0.02 0.84 0.12 0.02 1.02 0.06 1.27 0.1  0.65]
 [0.01 0.   0.07 0.   0.04 0.02 0.   0.03 0.01 0.09 0.05 0.  ]
 [0.94 0.02 0.23 0.01 0.34 0.05 0.01 0.38 0.01 0.7  0.   0.26]]
  std: [[4.33602352 0.09949874 3.24732197 0.17058722 2.18401007 0.89771933
  0.09949874 1.48916084 0.31048349 1.85286265 0.35369478 2.68514432]
 [0.         0.09949874 0.09949874 0.         0.24166092 0.
  0.09949874 0.         0.19899749 0.09949874 0.         0.        ]
 [3.49655545 0.         4.06452949 0.2764055  2.55614945 1.1169154
  0.09949874 1.1001818  0.2215852  0.86458082 0.2215852  0.57784081]
 [0.09949874 0.         0.34117444 0.31048349 0.28       0.09949874
  0.09949874 0.17058722 0.         0.         0.14       0.19899749]
 [2.36091084 0.19899749 2.49391259 0.         6.40577084 2.10092837
  0.42649736 2.86808298 0.45287967 1.54567138 0.09949874 1.66069263]
 [1.11081051 0.         0.58949131 0.24166092 1.85674446 1.8627936
  0.         1.40128512 0.17058722 0.83689904 0.14       0.09949874]
 [0.14       0.09949874 0.31048349 0.         0.2764055  0.
  0.4431704  0.75206383 0.17058722 0.17058722 0.         0.09949874]
 [1.60984471 0.         0.97051533 0.24166092 2.26828129 1.2607934
  0.86827415 4.16480492 0.35369478 1.47309199 0.14       1.06634891]
 [0.38091994 0.09949874 0.09949874 0.09949874 0.09949874 0.19595918
  0.         0.50783856 0.19899749 0.58343809 0.17058722 0.09949874]
 [2.32109888 0.09949874 0.87515713 0.19899749 2.39466073 0.4069398
  0.14       1.49652932 0.31048349 4.98969939 0.64031242 1.32947358]
 [0.09949874 0.         0.60423505 0.         0.24166092 0.14
  0.         0.2215852  0.09949874 0.40236799 0.40926764 0.        ]
 [1.81559907 0.14       0.90393584 0.09949874 1.77887605 0.29580399
  0.09949874 1.14699608 0.09949874 2.14242853 0.         0.86740994]]

total_used_note:
------------------------

bi2lstm32_attention
  mean: [74.82]
  std: [36.85712414]

hook
  mean: [48.58]
  std: [32.52051045]

note_length_transition_matrix:
------------------------

bi2lstm32_attention
  mean: [[1.100e-01 4.000e-02 3.000e-02 7.000e-01 4.900e-01 3.000e-02 4.000e-02
  4.000e-02 0.000e+00 1.000e-02 0.000e+00 0.000e+00]
 [8.000e-02 4.000e-02 1.000e-02 5.400e-01 4.900e-01 1.000e-02 2.000e-02
  5.000e-02 0.000e+00 0.000e+00 0.000e+00 0.000e+00]
 [4.000e-02 4.000e-02 8.000e-02 8.600e-01 5.300e-01 5.000e-02 3.000e-02
  5.000e-02 0.000e+00 2.000e-02 0.000e+00 0.000e+00]
 [9.600e-01 6.300e-01 8.600e-01 1.907e+01 4.870e+00 2.500e-01 3.500e-01
  7.600e-01 0.000e+00 1.500e-01 0.000e+00 0.000e+00]
 [2.900e-01 3.400e-01 4.200e-01 4.980e+00 2.895e+01 6.000e-02 1.200e-01
  1.400e+00 0.000e+00 2.700e-01 0.000e+00 0.000e+00]
 [4.000e-02 2.000e-02 0.000e+00 1.700e-01 1.600e-01 0.000e+00 1.000e-02
  2.000e-02 0.000e+00 1.000e-02 0.000e+00 0.000e+00]
 [3.000e-02 2.000e-02 4.000e-02 3.100e-01 2.900e-01 1.000e-02 0.000e+00
  1.000e-02 0.000e+00 0.000e+00 0.000e+00 0.000e+00]
 [8.000e-02 1.200e-01 2.200e-01 6.900e-01 1.040e+00 3.000e-02 9.000e-02
  5.900e-01 0.000e+00 9.000e-02 0.000e+00 0.000e+00]
 [0.000e+00 0.000e+00 0.000e+00 0.000e+00 0.000e+00 0.000e+00 0.000e+00
  0.000e+00 0.000e+00 0.000e+00 0.000e+00 0.000e+00]
 [0.000e+00 1.000e-02 2.000e-02 1.200e-01 3.000e-01 1.000e-02 3.000e-02
  4.000e-02 0.000e+00 4.000e-02 0.000e+00 0.000e+00]
 [0.000e+00 0.000e+00 0.000e+00 0.000e+00 0.000e+00 0.000e+00 0.000e+00
  0.000e+00 0.000e+00 0.000e+00 0.000e+00 0.000e+00]
 [0.000e+00 0.000e+00 0.000e+00 0.000e+00 0.000e+00 0.000e+00 0.000e+00
  0.000e+00 0.000e+00 0.000e+00 0.000e+00 0.000e+00]]
  std: [[ 0.34336569  0.19595918  0.17058722  0.98488578  0.76804948  0.17058722
   0.19595918  0.19595918  0.          0.09949874  0.          0.        ]
 [ 0.2712932   0.19595918  0.09949874  0.74054034  0.88876319  0.09949874
   0.14        0.21794495  0.          0.          0.          0.        ]
 [ 0.19595918  0.19595918  0.30594117  0.93829633  0.91054928  0.21794495
   0.17058722  0.21794495  0.          0.14        0.          0.        ]
 [ 1.11283422  0.78300702  1.00019998 12.02269105  4.93285921  0.4330127
   0.57227616  1.31240238  0.          0.38405729  0.          0.        ]
 [ 0.63710282  0.69598851  0.85064681  5.07539161 39.98809198  0.23748684
   0.3544009   1.87082869  0.          0.59757845  0.          0.        ]
 [ 0.19595918  0.14        0.          0.3756328   0.39293765  0.
   0.09949874  0.14        0.          0.09949874  0.          0.        ]
 [ 0.17058722  0.14        0.19595918  0.57784081  0.51565492  0.09949874
   0.          0.09949874  0.          0.          0.          0.        ]
 [ 0.2712932   0.32496154  0.54        1.16357209  1.64875711  0.17058722
   0.31921779  1.15840407  0.          0.31921779  0.          0.        ]
 [ 0.          0.          0.          0.          0.          0.
   0.          0.          0.          0.          0.          0.        ]
 [ 0.          0.09949874  0.14        0.38157568  0.59160798  0.09949874
   0.17058722  0.19595918  0.          0.19595918  0.          0.        ]
 [ 0.          0.          0.          0.          0.          0.
   0.          0.          0.          0.          0.          0.        ]
 [ 0.          0.          0.          0.          0.          0.
   0.          0.          0.          0.          0.          0.        ]]

hook
  mean: [[3.500e-01 6.000e-02 8.000e-02 2.200e-01 4.000e-02 5.000e-02 4.000e-02
  0.000e+00 0.000e+00 0.000e+00 0.000e+00 0.000e+00]
 [7.000e-02 3.000e-01 2.500e-01 4.600e-01 1.800e-01 6.000e-02 4.000e-02
  4.000e-02 0.000e+00 0.000e+00 0.000e+00 0.000e+00]
 [1.900e-01 3.400e-01 3.930e+00 2.680e+00 2.300e-01 1.100e-01 3.900e-01
  1.100e-01 0.000e+00 2.000e-02 0.000e+00 0.000e+00]
 [2.000e-01 5.800e-01 2.800e+00 1.491e+01 2.120e+00 1.900e-01 8.900e-01
  6.100e-01 0.000e+00 7.000e-02 0.000e+00 0.000e+00]
 [3.000e-02 1.400e-01 2.900e-01 2.200e+00 6.150e+00 2.000e-02 1.200e-01
  6.700e-01 0.000e+00 1.800e-01 0.000e+00 0.000e+00]
 [2.000e-02 6.000e-02 1.000e-01 1.700e-01 2.000e-02 0.000e+00 3.000e-02
  1.000e-02 0.000e+00 0.000e+00 0.000e+00 0.000e+00]
 [2.000e-02 6.000e-02 3.500e-01 8.700e-01 1.800e-01 2.000e-02 3.300e-01
  2.000e-02 0.000e+00 0.000e+00 0.000e+00 0.000e+00]
 [2.000e-02 2.000e-02 1.800e-01 4.500e-01 7.500e-01 0.000e+00 3.000e-02
  1.140e+00 0.000e+00 3.000e-02 0.000e+00 0.000e+00]
 [0.000e+00 0.000e+00 0.000e+00 0.000e+00 0.000e+00 0.000e+00 0.000e+00
  0.000e+00 0.000e+00 0.000e+00 0.000e+00 0.000e+00]
 [1.000e-02 1.000e-02 2.000e-02 1.200e-01 1.200e-01 0.000e+00 1.000e-02
  0.000e+00 0.000e+00 0.000e+00 0.000e+00 0.000e+00]
 [0.000e+00 0.000e+00 0.000e+00 0.000e+00 0.000e+00 0.000e+00 0.000e+00
  0.000e+00 0.000e+00 0.000e+00 0.000e+00 0.000e+00]
 [0.000e+00 0.000e+00 0.000e+00 0.000e+00 0.000e+00 0.000e+00 0.000e+00
  0.000e+00 0.000e+00 0.000e+00 0.000e+00 0.000e+00]]
  std: [[ 3.38341543  0.42        0.4621688   0.70114193  0.28        0.32787193
   0.24166092  0.          0.          0.          0.          0.        ]
 [ 0.38091994  1.33041347  0.72629195  1.01410059  0.58957612  0.34117444
   0.24166092  0.31368774  0.          0.          0.          0.        ]
 [ 0.71686819  0.88566359  7.06435418  3.31324614  0.58060313  0.44485953
   0.88198639  0.56382621  0.          0.19899749  0.          0.        ]
 [ 0.69282032  1.2180312   3.31360831 19.85300733  4.28317639  0.56026779
   1.96923843  1.41347091  0.          0.3241913   0.          0.        ]
 [ 0.17058722  0.40049969  0.66775744  3.95474399 16.80260396  0.14
   0.49558047  2.76425397  0.          0.6225753   0.          0.        ]
 [ 0.19899749  0.42        0.38729833  0.56665686  0.14        0.
   0.29849623  0.09949874  0.          0.          0.          0.        ]
 [ 0.14        0.31048349  0.87607077  2.04770603  0.60630026  0.19899749
   1.49033553  0.14        0.          0.          0.          0.        ]
 [ 0.14        0.19899749  0.87612784  1.21140414  2.80846933  0.
   0.2215852   7.2622586   0.          0.2215852   0.          0.        ]
 [ 0.          0.          0.          0.          0.          0.
   0.          0.          0.          0.          0.          0.        ]
 [ 0.09949874  0.09949874  0.19899749  0.43081318  0.45343136  0.
   0.09949874  0.          0.          0.          0.          0.        ]
 [ 0.          0.          0.          0.          0.          0.
   0.          0.          0.          0.          0.          0.        ]
 [ 0.          0.          0.          0.          0.          0.
   0.          0.          0.          0.          0.          0.        ]]

avg_pitch_shift:
------------------------

bi2lstm32_attention
  mean: [2.14908118]
  std: [0.56488513]

hook
  mean: [2.9575521]
  std: [2.23591075]

pitch_range:
------------------------

bi2lstm32_attention
  mean: [20.11]
  std: [8.80101699]

hook
  mean: [14.47]
  std: [6.65350284]

total_pitch_class_histogram:
------------------------

bi2lstm32_attention
  mean: [0.25336974 0.00119485 0.20456702 0.00196644 0.16739369 0.0591322
 0.00275198 0.12815861 0.00484604 0.12943037 0.00174062 0.04544845]
  std: [0.14851176 0.00434339 0.12812159 0.00493412 0.12653941 0.05551819
 0.00870037 0.12422526 0.01365715 0.1285181  0.00459536 0.06901801]

hook
  mean: [0.20557251 0.00295454 0.15061066 0.00754719 0.20483857 0.06677286
 0.00879817 0.17191071 0.00902961 0.10249285 0.00796242 0.06150992]
  std: [0.12003719 0.01399781 0.10836908 0.02378019 0.1360703  0.0860637
 0.02933011 0.16673204 0.02338242 0.1040687  0.02658932 0.08194164]

total_used_pitch:
------------------------

bi2lstm32_attention
  mean: [11.04]
  std: [3.45809196]

hook
  mean: [8.31]
  std: [3.80971128]

note_length_hist:
------------------------

bi2lstm32_attention
  mean: [0.03701626 0.02025459 0.02749503 0.47056602 0.3798523  0.00750522
 0.01206646 0.03747283 0.         0.00777129 0.         0.        ]
  std: [0.04406253 0.01912829 0.02496623 0.26510401 0.2949128  0.0119018
 0.0163672  0.04536881 0.         0.01230561 0.         0.        ]

hook
  mean: [0.02994139 0.05674035 0.20596358 0.44161397 0.14786885 0.01618894
 0.05237228 0.04140288 0.         0.00790775 0.         0.        ]
  std: [0.10564079 0.11272232 0.20593795 0.25650358 0.20973218 0.04190904
 0.0996741  0.10536591 0.         0.02361116 0.         0.        ]

avg_IOI:
------------------------

bi2lstm32_attention
  mean: [0.36019655]
  std: [0.1722279]

hook
  mean: [0.4684669]
  std: [0.28785445]

