pitch_class_transition_matrix:
------------------------

melody
  mean: [[2.28 0.01 0.99 0.   1.09 0.22 0.01 0.63 0.   0.47 0.11 1.02]
 [0.01 0.   0.   0.   0.   0.   0.   0.01 0.   0.01 0.   0.  ]
 [1.54 0.01 0.64 0.   0.64 0.18 0.   0.34 0.   0.07 0.07 0.13]
 [0.   0.   0.   0.   0.01 0.   0.   0.   0.   0.   0.   0.  ]
 [0.76 0.   1.04 0.   1.03 0.42 0.02 1.33 0.   0.1  0.   0.1 ]
 [0.29 0.   0.2  0.   0.35 0.35 0.   0.87 0.   0.06 0.   0.03]
 [0.03 0.   0.01 0.   0.   0.   0.   0.05 0.   0.01 0.01 0.  ]
 [0.67 0.01 0.16 0.   1.34 0.83 0.07 1.89 0.   0.37 0.12 0.47]
 [0.   0.   0.   0.   0.   0.   0.   0.01 0.   0.01 0.   0.  ]
 [0.43 0.   0.08 0.   0.16 0.09 0.01 0.46 0.01 0.23 0.   0.32]
 [0.13 0.   0.03 0.   0.01 0.03 0.   0.04 0.   0.07 0.02 0.01]
 [0.79 0.   0.45 0.   0.07 0.04 0.   0.42 0.   0.28 0.01 0.53]]
  std: [[2.11224999 0.09949874 0.96431323 0.         1.06859721 0.48124838
  0.09949874 0.75703368 0.         0.63960926 0.34336569 1.34149171]
 [0.09949874 0.         0.         0.         0.         0.
  0.         0.09949874 0.         0.09949874 0.         0.        ]
 [1.27608777 0.09949874 1.14472704 0.         0.68585713 0.40938979
  0.         0.55172457 0.         0.25514702 0.29171904 0.39127995]
 [0.         0.         0.         0.         0.09949874 0.
  0.         0.         0.         0.         0.         0.        ]
 [0.8138796  0.         0.98914104 0.         1.08124928 0.58617404
  0.14       1.23332883 0.         0.3        0.         0.33166248]
 [0.53469618 0.         0.42426407 0.         0.60621778 0.73993243
  0.         1.16322827 0.         0.23748684 0.         0.17058722]
 [0.17058722 0.         0.09949874 0.         0.         0.
  0.         0.21794495 0.         0.09949874 0.09949874 0.        ]
 [0.74906609 0.09949874 0.39293765 0.         1.32830719 0.99050492
  0.25514702 2.05375266 0.         0.57714816 0.32496154 0.65505725]
 [0.         0.         0.         0.         0.         0.
  0.         0.09949874 0.         0.09949874 0.         0.        ]
 [0.6819824  0.         0.30594117 0.         0.36660606 0.28618176
  0.09949874 0.59025418 0.09949874 0.50705029 0.         0.54552727]
 [0.39127995 0.         0.17058722 0.         0.09949874 0.17058722
  0.         0.19595918 0.         0.25514702 0.14       0.09949874]
 [0.94122261 0.         0.76648549 0.         0.3241913  0.19595918
  0.         0.77691698 0.         0.54918121 0.09949874 1.12654339]]

pianoroll
  mean: [[0.07 0.01 0.65 0.01 0.87 0.11 0.   0.67 0.01 0.57 0.   0.37]
 [0.   0.   0.04 0.   0.01 0.03 0.   0.03 0.   0.01 0.   0.  ]
 [0.88 0.08 0.09 0.01 1.02 0.41 0.07 0.25 0.01 0.05 0.01 0.5 ]
 [0.   0.   0.   0.   0.06 0.   0.   0.01 0.   0.01 0.   0.01]
 [1.04 0.01 1.38 0.08 0.02 0.49 0.08 1.14 0.   0.16 0.   0.18]
 [0.03 0.   0.78 0.   0.82 0.   0.03 0.23 0.   0.2  0.01 0.05]
 [0.   0.   0.04 0.   0.01 0.04 0.   0.15 0.   0.04 0.   0.02]
 [0.74 0.02 0.3  0.   1.84 0.8  0.07 0.01 0.   0.61 0.   0.4 ]
 [0.   0.   0.01 0.   0.01 0.02 0.   0.   0.   0.01 0.   0.  ]
 [0.2  0.   0.09 0.   0.09 0.31 0.06 1.29 0.03 0.   0.01 0.36]
 [0.01 0.   0.   0.   0.01 0.   0.   0.   0.   0.   0.   0.01]
 [0.48 0.   0.24 0.   0.05 0.01 0.   0.17 0.   0.9  0.   0.  ]]
  std: [[0.25514702 0.09949874 0.8291562  0.09949874 0.9343982  0.31288976
  0.         0.77530639 0.09949874 0.63647467 0.         0.50309045]
 [0.         0.         0.19595918 0.         0.09949874 0.17058722
  0.         0.17058722 0.         0.09949874 0.         0.        ]
 [0.95163018 0.30594117 0.31921779 0.09949874 1.01960777 0.60158125
  0.25514702 0.45552168 0.09949874 0.21794495 0.09949874 0.64031242]
 [0.         0.         0.         0.         0.23748684 0.
  0.         0.09949874 0.         0.09949874 0.         0.09949874]
 [0.94783965 0.09949874 1.20648249 0.2712932  0.14       0.75491721
  0.2712932  1.14035082 0.         0.44090815 0.         0.43312816]
 [0.17058722 0.         0.85533619 0.         0.8292165  0.
  0.17058722 0.42083251 0.         0.42426407 0.09949874 0.25980762]
 [0.         0.         0.19595918 0.         0.09949874 0.19595918
  0.         0.35707142 0.         0.19595918 0.         0.14      ]
 [0.83210576 0.14       0.5        0.         1.24675579 0.84852814
  0.25514702 0.09949874 0.         0.67668309 0.         0.63245553]
 [0.         0.         0.09949874 0.         0.09949874 0.14
  0.         0.         0.         0.09949874 0.         0.        ]
 [0.48989795 0.         0.28618176 0.         0.28618176 0.52335456
  0.23748684 1.00294566 0.17058722 0.         0.09949874 0.62481997]
 [0.09949874 0.         0.         0.         0.09949874 0.
  0.         0.         0.         0.         0.         0.09949874]
 [0.60794737 0.         0.47159304 0.         0.21794495 0.09949874
  0.         0.40137264 0.         0.87749644 0.         0.        ]]

total_used_note:
------------------------

melody
  mean: [29.23]
  std: [2.1902283]

pianoroll
  mean: [24.12]
  std: [3.44464802]

note_length_transition_matrix:
------------------------

melody
  mean: [[0.000e+00 0.000e+00 0.000e+00 0.000e+00 0.000e+00 0.000e+00 0.000e+00
  0.000e+00 0.000e+00 0.000e+00 0.000e+00 0.000e+00]
 [0.000e+00 0.000e+00 0.000e+00 8.000e-02 0.000e+00 0.000e+00 0.000e+00
  0.000e+00 0.000e+00 0.000e+00 0.000e+00 0.000e+00]
 [0.000e+00 1.000e-02 1.000e-01 1.150e+00 0.000e+00 0.000e+00 1.000e-02
  0.000e+00 0.000e+00 0.000e+00 0.000e+00 0.000e+00]
 [0.000e+00 7.000e-02 1.080e+00 2.496e+01 3.000e-02 1.000e-02 2.900e-01
  2.000e-02 0.000e+00 0.000e+00 0.000e+00 0.000e+00]
 [0.000e+00 0.000e+00 0.000e+00 3.000e-02 2.000e-02 0.000e+00 0.000e+00
  1.000e-02 0.000e+00 0.000e+00 0.000e+00 0.000e+00]
 [0.000e+00 0.000e+00 0.000e+00 1.000e-02 0.000e+00 0.000e+00 0.000e+00
  0.000e+00 0.000e+00 0.000e+00 0.000e+00 0.000e+00]
 [0.000e+00 0.000e+00 1.000e-02 2.900e-01 1.000e-02 0.000e+00 0.000e+00
  0.000e+00 0.000e+00 0.000e+00 0.000e+00 0.000e+00]
 [0.000e+00 0.000e+00 1.000e-02 2.000e-02 0.000e+00 0.000e+00 0.000e+00
  0.000e+00 0.000e+00 0.000e+00 0.000e+00 0.000e+00]
 [0.000e+00 0.000e+00 0.000e+00 0.000e+00 0.000e+00 0.000e+00 0.000e+00
  0.000e+00 0.000e+00 0.000e+00 0.000e+00 0.000e+00]
 [0.000e+00 0.000e+00 0.000e+00 0.000e+00 0.000e+00 0.000e+00 0.000e+00
  1.000e-02 0.000e+00 0.000e+00 0.000e+00 0.000e+00]
 [0.000e+00 0.000e+00 0.000e+00 0.000e+00 0.000e+00 0.000e+00 0.000e+00
  0.000e+00 0.000e+00 0.000e+00 0.000e+00 0.000e+00]
 [0.000e+00 0.000e+00 0.000e+00 0.000e+00 0.000e+00 0.000e+00 0.000e+00
  0.000e+00 0.000e+00 0.000e+00 0.000e+00 0.000e+00]]
  std: [[0.         0.         0.         0.         0.         0.
  0.         0.         0.         0.         0.         0.        ]
 [0.         0.         0.         0.30594117 0.         0.
  0.         0.         0.         0.         0.         0.        ]
 [0.         0.09949874 0.33166248 0.99373035 0.         0.
  0.09949874 0.         0.         0.         0.         0.        ]
 [0.         0.25514702 0.96622979 4.31953701 0.17058722 0.09949874
  0.51565492 0.14       0.         0.         0.         0.        ]
 [0.         0.         0.         0.17058722 0.14       0.
  0.         0.09949874 0.         0.         0.         0.        ]
 [0.         0.         0.         0.09949874 0.         0.
  0.         0.         0.         0.         0.         0.        ]
 [0.         0.         0.09949874 0.53469618 0.09949874 0.
  0.         0.         0.         0.         0.         0.        ]
 [0.         0.         0.09949874 0.14       0.         0.
  0.         0.         0.         0.         0.         0.        ]
 [0.         0.         0.         0.         0.         0.
  0.         0.         0.         0.         0.         0.        ]
 [0.         0.         0.         0.         0.         0.
  0.         0.09949874 0.         0.         0.         0.        ]
 [0.         0.         0.         0.         0.         0.
  0.         0.         0.         0.         0.         0.        ]
 [0.         0.         0.         0.         0.         0.
  0.         0.         0.         0.         0.         0.        ]]

pianoroll
  mean: [[0.000e+00 0.000e+00 1.000e-02 3.000e-02 0.000e+00 0.000e+00 0.000e+00
  0.000e+00 0.000e+00 0.000e+00 0.000e+00 0.000e+00]
 [2.000e-02 1.000e-02 1.200e-01 4.500e-01 0.000e+00 1.000e-02 0.000e+00
  0.000e+00 0.000e+00 0.000e+00 0.000e+00 0.000e+00]
 [0.000e+00 7.000e-02 5.800e-01 2.710e+00 1.000e-02 1.000e-02 1.200e-01
  0.000e+00 0.000e+00 0.000e+00 0.000e+00 0.000e+00]
 [7.000e-02 4.700e-01 2.550e+00 1.313e+01 4.000e-02 6.000e-02 6.000e-01
  6.000e-02 0.000e+00 1.000e-02 0.000e+00 0.000e+00]
 [0.000e+00 2.000e-02 1.200e-01 5.100e-01 3.000e-02 0.000e+00 5.000e-02
  1.000e-02 0.000e+00 0.000e+00 0.000e+00 0.000e+00]
 [0.000e+00 0.000e+00 3.000e-02 4.000e-02 0.000e+00 0.000e+00 0.000e+00
  0.000e+00 0.000e+00 0.000e+00 0.000e+00 0.000e+00]
 [0.000e+00 3.000e-02 1.700e-01 5.600e-01 0.000e+00 0.000e+00 2.000e-02
  0.000e+00 0.000e+00 0.000e+00 0.000e+00 0.000e+00]
 [0.000e+00 1.000e-02 6.000e-02 2.500e-01 1.000e-02 0.000e+00 2.000e-02
  1.000e-02 0.000e+00 0.000e+00 0.000e+00 0.000e+00]
 [0.000e+00 0.000e+00 0.000e+00 0.000e+00 0.000e+00 0.000e+00 0.000e+00
  0.000e+00 0.000e+00 0.000e+00 0.000e+00 0.000e+00]
 [0.000e+00 0.000e+00 1.000e-02 2.000e-02 0.000e+00 0.000e+00 0.000e+00
  0.000e+00 0.000e+00 0.000e+00 0.000e+00 0.000e+00]
 [0.000e+00 0.000e+00 0.000e+00 0.000e+00 0.000e+00 0.000e+00 0.000e+00
  0.000e+00 0.000e+00 0.000e+00 0.000e+00 0.000e+00]
 [0.000e+00 0.000e+00 0.000e+00 0.000e+00 0.000e+00 0.000e+00 0.000e+00
  0.000e+00 0.000e+00 0.000e+00 0.000e+00 0.000e+00]]
  std: [[0.         0.         0.09949874 0.17058722 0.         0.
  0.         0.         0.         0.         0.         0.        ]
 [0.14       0.09949874 0.32496154 0.58949131 0.         0.09949874
  0.         0.         0.         0.         0.         0.        ]
 [0.         0.25514702 0.88521184 1.32132509 0.09949874 0.09949874
  0.3544009  0.         0.         0.         0.         0.        ]
 [0.25514702 0.57367238 1.29131716 4.90643455 0.19595918 0.23748684
  0.70710678 0.23748684 0.         0.09949874 0.         0.        ]
 [0.         0.14       0.32496154 0.53842363 0.2215852  0.
  0.21794495 0.09949874 0.         0.         0.         0.        ]
 [0.         0.         0.17058722 0.19595918 0.         0.
  0.         0.         0.         0.         0.         0.        ]
 [0.         0.17058722 0.40137264 0.65299311 0.         0.
  0.14       0.         0.         0.         0.         0.        ]
 [0.         0.09949874 0.23748684 0.4330127  0.09949874 0.
  0.14       0.09949874 0.         0.         0.         0.        ]
 [0.         0.         0.         0.         0.         0.
  0.         0.         0.         0.         0.         0.        ]
 [0.         0.         0.09949874 0.14       0.         0.
  0.         0.         0.         0.         0.         0.        ]
 [0.         0.         0.         0.         0.         0.
  0.         0.         0.         0.         0.         0.        ]
 [0.         0.         0.         0.         0.         0.
  0.         0.         0.         0.         0.         0.        ]]

avg_pitch_shift:
------------------------

melody
  mean: [2.54934901]
  std: [0.63022136]

pianoroll
  mean: [3.29807055]
  std: [0.47492847]

pitch_range:
------------------------

melody
  mean: [18.41]
  std: [8.57798927]

pianoroll
  mean: [16.91]
  std: [3.98270009]

total_pitch_class_histogram:
------------------------

melody
  mean: [0.24290953 0.00125    0.12680166 0.0003125  0.16848537 0.07648923
 0.00458381 0.21129835 0.000625   0.06529431 0.01257997 0.08937028]
  std: [0.1237297  0.0075519  0.07305666 0.00310934 0.08324993 0.06212483
 0.01681211 0.1234874  0.004375   0.05718295 0.0347887  0.08834344]

pianoroll
  mean: [0.16146552 0.00400246 0.1504064  0.00307882 0.20368227 0.08619458
 0.01       0.2007266  0.00153941 0.11485222 0.00092365 0.06312808]
  std: [0.08022185 0.01280951 0.08858827 0.00923645 0.09663932 0.05672422
 0.01677345 0.07518783 0.00671013 0.0901706  0.00525207 0.04529597]

total_used_pitch:
------------------------

melody
  mean: [9.22]
  std: [2.35618335]

pianoroll
  mean: [9.97]
  std: [1.84637483]

note_length_hist:
------------------------

melody
  mean: [0.00000000e+00 3.36103705e-03 4.64967207e-02 9.34150420e-01
 2.47628170e-03 3.70370370e-04 1.12527236e-02 1.47577997e-03
 0.00000000e+00 4.16666667e-04 0.00000000e+00 0.00000000e+00]
  std: [0.         0.01374509 0.04435026 0.05846351 0.01143739 0.00368514
 0.01978419 0.00725148 0.         0.00414578 0.         0.        ]

pianoroll
  mean: [0.00534074 0.0284997  0.15363477 0.72342668 0.0314609  0.00362002
 0.03689942 0.01586777 0.         0.00125    0.         0.        ]
  std: [0.01801414 0.03244861 0.08275227 0.09831102 0.02453939 0.01235765
 0.04216884 0.02366714 0.         0.0071078  0.         0.        ]

avg_IOI:
------------------------

melody
  mean: [0.27098694]
  std: [0.02087441]

pianoroll
  mean: [0.33759895]
  std: [0.04484493]

