pitch_class_transition_matrix:
------------------------

hook theory
  mean: [[2.63 0.03 1.98 0.01 0.68 0.2  0.   0.67 0.02 0.83 0.11 1.08]
 [0.03 0.03 0.02 0.   0.02 0.02 0.02 0.04 0.01 0.   0.   0.03]
 [2.03 0.05 1.48 0.01 2.14 0.22 0.   0.27 0.   0.18 0.12 0.27]
 [0.01 0.   0.05 0.07 0.04 0.01 0.   0.01 0.01 0.   0.   0.01]
 [0.88 0.01 2.29 0.06 3.2  0.77 0.1  0.92 0.04 0.7  0.05 0.18]
 [0.21 0.02 0.15 0.01 1.12 0.88 0.01 0.35 0.   0.1  0.02 0.02]
 [0.   0.02 0.01 0.   0.17 0.03 0.03 0.14 0.02 0.01 0.   0.  ]
 [0.4  0.04 0.36 0.   0.97 0.57 0.21 1.8  0.06 1.09 0.   0.11]
 [0.01 0.01 0.   0.   0.05 0.01 0.   0.06 0.03 0.05 0.01 0.04]
 [0.7  0.01 0.39 0.01 0.4  0.04 0.05 1.21 0.09 0.9  0.04 0.69]
 [0.08 0.   0.08 0.02 0.03 0.04 0.01 0.02 0.   0.07 0.07 0.01]
 [1.28 0.01 0.03 0.01 0.35 0.02 0.01 0.13 0.04 0.53 0.01 0.73]]
  std: [[4.28871776 0.2215852  3.14       0.09949874 1.26396202 0.54772256
  0.         1.73236832 0.14       2.14501748 0.44485953 1.78146008]
 [0.17058722 0.29849623 0.14       0.         0.19899749 0.19899749
  0.14       0.31368774 0.09949874 0.         0.         0.17058722]
 [2.36412775 0.21794495 2.78740022 0.09949874 3.00006667 0.75604233
  0.         0.87011493 0.         0.94212526 0.81584312 1.71962205]
 [0.09949874 0.         0.25980762 0.49507575 0.24166092 0.09949874
  0.         0.09949874 0.09949874 0.         0.         0.09949874]
 [1.95079471 0.09949874 2.28164414 0.31048349 4.84767986 1.58653711
  0.45825757 1.84217263 0.24166092 1.8627936  0.29580399 0.66902915]
 [0.80367904 0.19899749 0.51720402 0.09949874 1.71627504 2.60875449
  0.09949874 0.97339612 0.         0.47958315 0.14       0.14      ]
 [0.         0.14       0.09949874 0.         0.51097945 0.2215852
  0.17058722 0.56603887 0.19899749 0.09949874 0.         0.        ]
 [1.2083046  0.28       0.90022219 0.         1.69973527 1.17690271
  0.60489669 3.71752606 0.31048349 2.13117339 0.         0.34336569]
 [0.09949874 0.09949874 0.         0.         0.29580399 0.09949874
  0.         0.31048349 0.29849623 0.29580399 0.09949874 0.24166092]
 [1.62172747 0.09949874 1.69643744 0.09949874 0.90553851 0.24166092
  0.29580399 2.32935613 0.40236799 2.07605395 0.24166092 1.46078746]
 [0.4621688  0.         0.70256672 0.14       0.2215852  0.24166092
  0.09949874 0.14       0.         0.3241913  0.45287967 0.09949874]
 [2.66112758 0.09949874 0.17058722 0.09949874 1.19478031 0.14
  0.09949874 0.41605288 0.28       1.16150764 0.09949874 2.07294477]]

folk
  mean: [[5.44 0.   7.91 0.01 6.76 1.03 0.03 3.71 0.   6.42 0.77 6.03]
 [0.   0.   0.13 0.   0.03 0.   0.   0.   0.   0.05 0.   0.01]
 [9.19 0.16 1.95 0.05 8.17 1.56 0.11 2.06 0.   1.33 0.16 2.67]
 [0.05 0.   0.05 0.   0.04 0.   0.   0.   0.   0.   0.   0.01]
 [7.71 0.   8.95 0.02 2.4  5.75 0.41 6.24 0.09 1.78 0.04 0.12]
 [0.42 0.   3.29 0.01 4.93 0.53 0.05 3.77 0.   1.36 0.   0.25]
 [0.03 0.   0.29 0.   0.18 0.   0.02 0.85 0.   0.12 0.   0.  ]
 [5.06 0.   1.7  0.02 9.17 4.2  0.69 4.05 0.07 7.15 0.13 1.14]
 [0.02 0.   0.   0.   0.03 0.02 0.   0.1  0.   0.43 0.   0.01]
 [2.94 0.05 1.56 0.   1.41 1.33 0.18 9.41 0.38 3.11 0.43 4.74]
 [0.23 0.   0.1  0.04 0.04 0.03 0.   0.77 0.04 0.25 0.04 0.04]
 [7.21 0.01 1.46 0.   0.22 0.2  0.   2.27 0.01 3.61 0.01 0.41]]
  std: [[7.76958171 0.         6.03671268 0.09949874 6.79870576 2.64747049
  0.2215852  4.70806754 0.         6.25168777 2.92183162 6.0306799 ]
 [0.         0.         0.55955339 0.         0.2215852  0.
  0.         0.         0.         0.35707142 0.         0.09949874]
 [6.7271019  0.67409198 3.32076798 0.40926764 6.29929361 2.54291172
  0.71965269 3.32812259 0.         2.81088954 0.95624265 3.31980421]
 [0.40926764 0.         0.29580399 0.         0.39799497 0.
  0.         0.         0.         0.         0.         0.09949874]
 [6.98898419 0.         7.07301209 0.19899749 4.64973118 6.20382946
  1.24975998 5.90274512 0.53094256 3.42514233 0.39799497 0.60464866]
 [2.02573443 0.         5.26553891 0.09949874 4.81716722 1.81909318
  0.40926764 5.23995229 0.         2.43934417 0.         1.10792599]
 [0.29849623 0.         1.23527325 0.         1.08977062 0.
  0.19899749 2.02669682 0.         0.552811   0.         0.        ]
 [5.57103222 0.         3.70809924 0.19899749 7.35398531 5.68154908
  1.97329673 7.19357352 0.35369478 5.58815712 0.62697687 2.07855719]
 [0.19899749 0.         0.         0.         0.29849623 0.19899749
  0.         0.65574385 0.         1.43006993 0.         0.09949874]
 [3.75984042 0.40926764 3.2659455  0.         2.62333757 2.11213162
  0.71246053 8.40725282 1.25522906 5.37195495 1.61403222 5.01521684]
 [1.03783428 0.         0.59160798 0.39799497 0.39799497 0.2215852
  0.         3.34022454 0.39799497 0.85293611 0.28       0.28      ]
 [6.69969402 0.09949874 2.46341227 0.         0.83162492 0.89442719
  0.         3.50672212 0.09949874 4.54949448 0.09949874 1.44287907]]

total_used_note:
------------------------

hook theory
  mean: [46.89]
  std: [28.54851835]

folk
  mean: [193.34]
  std: [75.03748663]

note_length_transition_matrix:
------------------------

hook theory
  mean: [[3.000e-02 3.000e-02 8.000e-02 4.000e-02 2.000e-02 1.000e-02 2.000e-02
  0.000e+00 0.000e+00 0.000e+00 0.000e+00 0.000e+00]
 [6.000e-02 4.600e-01 4.900e-01 4.700e-01 9.000e-02 2.000e-02 2.700e-01
  1.200e-01 0.000e+00 2.000e-02 0.000e+00 0.000e+00]
 [1.300e-01 6.400e-01 4.010e+00 2.880e+00 3.000e-01 4.000e-02 4.000e-01
  2.300e-01 0.000e+00 3.000e-02 0.000e+00 0.000e+00]
 [7.000e-02 6.400e-01 3.130e+00 1.355e+01 1.850e+00 1.400e-01 7.600e-01
  7.000e-01 0.000e+00 1.000e-02 0.000e+00 0.000e+00]
 [0.000e+00 1.000e-01 2.500e-01 2.040e+00 6.460e+00 1.000e-02 4.000e-02
  5.900e-01 0.000e+00 1.400e-01 0.000e+00 0.000e+00]
 [0.000e+00 3.000e-02 1.100e-01 1.200e-01 0.000e+00 1.000e-02 0.000e+00
  0.000e+00 0.000e+00 0.000e+00 0.000e+00 0.000e+00]
 [1.000e-02 1.800e-01 3.800e-01 7.600e-01 1.200e-01 3.000e-02 3.300e-01
  1.000e-02 0.000e+00 0.000e+00 0.000e+00 0.000e+00]
 [3.000e-02 2.000e-02 2.600e-01 7.200e-01 6.200e-01 1.000e-02 2.000e-02
  5.400e-01 0.000e+00 1.000e-02 0.000e+00 0.000e+00]
 [0.000e+00 0.000e+00 0.000e+00 0.000e+00 0.000e+00 0.000e+00 0.000e+00
  0.000e+00 0.000e+00 0.000e+00 0.000e+00 0.000e+00]
 [1.000e-02 0.000e+00 2.000e-02 5.000e-02 1.200e-01 0.000e+00 0.000e+00
  0.000e+00 0.000e+00 0.000e+00 0.000e+00 0.000e+00]
 [0.000e+00 0.000e+00 0.000e+00 0.000e+00 0.000e+00 0.000e+00 0.000e+00
  0.000e+00 0.000e+00 0.000e+00 0.000e+00 0.000e+00]
 [0.000e+00 0.000e+00 0.000e+00 0.000e+00 0.000e+00 0.000e+00 0.000e+00
  0.000e+00 0.000e+00 0.000e+00 0.000e+00 0.000e+00]]
  std: [[ 0.29849623  0.17058722  0.33704599  0.24166092  0.19899749  0.09949874
   0.14        0.          0.          0.          0.          0.        ]
 [ 0.2764055   1.41010638  1.13573765  1.0045397   0.47106263  0.14
   1.02815369  0.53441557  0.          0.14        0.          0.        ]
 [ 0.41605288  1.20432554  6.92458663  4.14555183  1.00498756  0.24166092
   1.0198039   0.93653617  0.          0.17058722  0.          0.        ]
 [ 0.25514702  1.29243955  4.13679828 17.69145274  4.0059331   0.51029403
   1.54996774  1.6643317   0.          0.09949874  0.          0.        ]
 [ 0.          0.5         0.84113019  3.74411538 19.51687475  0.09949874
   0.24166092  1.62539226  0.          0.61676576  0.          0.        ]
 [ 0.          0.17058722  0.54580216  0.60464866  0.          0.09949874
   0.          0.          0.          0.          0.          0.        ]
 [ 0.09949874  0.89866568  1.05621967  1.66204693  0.43081318  0.17058722
   1.20045825  0.09949874  0.          0.          0.          0.        ]
 [ 0.2215852   0.14        0.97590983  1.77808886  1.67200478  0.09949874
   0.14        1.72869893  0.          0.09949874  0.          0.        ]
 [ 0.          0.          0.          0.          0.          0.
   0.          0.          0.          0.          0.          0.        ]
 [ 0.09949874  0.          0.14        0.25980762  0.51536395  0.
   0.          0.          0.          0.          0.          0.        ]
 [ 0.          0.          0.          0.          0.          0.
   0.          0.          0.          0.          0.          0.        ]
 [ 0.          0.          0.          0.          0.          0.
   0.          0.          0.          0.          0.          0.        ]]

folk
  mean: [[0.0000e+00 2.0000e-02 1.0000e-02 6.0000e-02 0.0000e+00 0.0000e+00
  6.0000e-02 0.0000e+00 0.0000e+00 0.0000e+00 0.0000e+00 0.0000e+00]
 [0.0000e+00 6.0000e-02 3.8000e-01 4.5000e-01 6.0000e-02 0.0000e+00
  1.2000e-01 1.0000e-02 0.0000e+00 0.0000e+00 0.0000e+00 0.0000e+00]
 [6.0000e-02 2.4000e-01 4.5800e+00 9.6900e+00 1.0000e+00 5.0000e-02
  3.2000e-01 1.2700e+00 0.0000e+00 5.0000e-02 0.0000e+00 0.0000e+00]
 [1.3000e-01 7.3000e-01 1.0310e+01 1.2301e+02 6.6300e+00 9.0000e-02
  2.6600e+00 5.9000e-01 0.0000e+00 4.0000e-02 0.0000e+00 0.0000e+00]
 [0.0000e+00 4.0000e-02 1.8500e+00 7.4300e+00 5.0600e+00 0.0000e+00
  8.0000e-02 4.5700e+00 0.0000e+00 0.0000e+00 0.0000e+00 0.0000e+00]
 [0.0000e+00 0.0000e+00 5.0000e-02 5.0000e-02 1.0000e-02 0.0000e+00
  1.0000e-02 0.0000e+00 0.0000e+00 0.0000e+00 0.0000e+00 0.0000e+00]
 [0.0000e+00 0.0000e+00 7.0000e-02 3.1300e+00 7.0000e-02 0.0000e+00
  3.0000e-02 2.0000e-02 0.0000e+00 0.0000e+00 0.0000e+00 0.0000e+00]
 [0.0000e+00 6.0000e-02 2.0000e-01 2.1000e-01 6.1200e+00 0.0000e+00
  0.0000e+00 5.0000e-01 0.0000e+00 0.0000e+00 0.0000e+00 0.0000e+00]
 [0.0000e+00 0.0000e+00 0.0000e+00 0.0000e+00 0.0000e+00 0.0000e+00
  0.0000e+00 0.0000e+00 0.0000e+00 0.0000e+00 0.0000e+00 0.0000e+00]
 [0.0000e+00 0.0000e+00 0.0000e+00 0.0000e+00 0.0000e+00 0.0000e+00
  0.0000e+00 1.0000e-01 0.0000e+00 0.0000e+00 0.0000e+00 0.0000e+00]
 [0.0000e+00 0.0000e+00 0.0000e+00 0.0000e+00 0.0000e+00 0.0000e+00
  0.0000e+00 0.0000e+00 0.0000e+00 0.0000e+00 0.0000e+00 0.0000e+00]
 [0.0000e+00 0.0000e+00 0.0000e+00 0.0000e+00 0.0000e+00 0.0000e+00
  0.0000e+00 0.0000e+00 0.0000e+00 0.0000e+00 0.0000e+00 0.0000e+00]]
  std: [[ 0.          0.19899749  0.09949874  0.42        0.          0.
   0.59699246  0.          0.          0.          0.          0.        ]
 [ 0.          0.4431704   1.66601321  1.86212244  0.59699246  0.
   0.91956511  0.09949874  0.          0.          0.          0.        ]
 [ 0.4431704   1.13243101 11.29971681  8.22519909  2.54558441  0.49749372
   1.00876162  4.93934206  0.          0.49749372  0.          0.        ]
 [ 0.80814603  3.19328984  8.60661955 76.20308327 10.46676168  0.53094256
   4.61133386  2.14053732  0.          0.39799497  0.          0.        ]
 [ 0.          0.39799497  5.60602355 11.21182858 11.00801526  0.
   0.57758116 14.98949966  0.          0.          0.          0.        ]
 [ 0.          0.          0.35707142  0.29580399  0.09949874  0.
   0.09949874  0.          0.          0.          0.          0.        ]
 [ 0.          0.          0.35369478  5.47659566  0.35369478  0.
   0.2215852   0.19899749  0.          0.          0.          0.        ]
 [ 0.          0.59699246  1.14891253  1.34383779 17.03307371  0.
   0.          2.48394847  0.          0.          0.          0.        ]
 [ 0.          0.          0.          0.          0.          0.
   0.          0.          0.          0.          0.          0.        ]
 [ 0.          0.          0.          0.          0.          0.
   0.          0.99498744  0.          0.          0.          0.        ]
 [ 0.          0.          0.          0.          0.          0.
   0.          0.          0.          0.          0.          0.        ]
 [ 0.          0.          0.          0.          0.          0.
   0.          0.          0.          0.          0.          0.        ]]

avg_pitch_shift:
------------------------

hook theory
  mean: [2.37528687]
  std: [1.22588879]

folk
  mean: [2.75563602]
  std: [0.50472171]

pitch_range:
------------------------

hook theory
  mean: [13.43]
  std: [6.38005486]

folk
  mean: [18.89]
  std: [3.2738204]

total_pitch_class_histogram:
------------------------

hook theory
  mean: [0.20149419 0.00846849 0.14546821 0.0056291  0.22262055 0.0588113
 0.01384941 0.15401531 0.00811611 0.10596757 0.00816718 0.06739258]
  std: [0.1267465  0.03725059 0.09952462 0.02285002 0.12837881 0.07736078
 0.03513654 0.1555712  0.02504101 0.11146482 0.02345759 0.08902306]

folk
  mean: [0.20789668 0.00094172 0.13976893 0.00061721 0.17184261 0.07356152
 0.00899051 0.17158209 0.00281232 0.14057966 0.00727951 0.07412725]
  std: [0.07969969 0.0034986  0.05338157 0.00472055 0.05844282 0.05929708
 0.01978649 0.07479365 0.00832495 0.08009207 0.02337501 0.0545473 ]

total_used_pitch:
------------------------

hook theory
  mean: [7.96]
  std: [3.4725207]

folk
  mean: [12.1]
  std: [2.2737634]

note_length_hist:
------------------------

hook theory
  mean: [0.0169775  0.07363527 0.21431942 0.41513361 0.14947454 0.01174739
 0.06409151 0.04914886 0.         0.00547189 0.         0.        ]
  std: [0.0453264  0.12693845 0.20652315 0.27165398 0.24859991 0.03715488
 0.13454448 0.08984271 0.         0.01868998 0.         0.        ]

folk
  mean: [8.98290292e-04 6.52632355e-03 9.47927060e-02 7.38645466e-01
 1.02918612e-01 7.23943406e-04 1.80470520e-02 3.68024454e-02
 0.00000000e+00 6.45161290e-04 0.00000000e+00 0.00000000e+00]
  std: [0.00481035 0.02028304 0.10339993 0.26168349 0.16173561 0.00390607
 0.03046986 0.0961266  0.         0.00641927 0.         0.        ]

avg_IOI:
------------------------

hook theory
  mean: [0.46211385]
  std: [0.21810736]

folk
  mean: [0.28137288]
  std: [0.04980692]

